12
31
86
93
95
97
116
134
136
161
163
195
201
211
211
215
216
220
231
242
247
250
263
274
280
343
347
350
358
364
374
391
391
391
396
398
400
409
420
451
468
490
500
516
523
532
547
560
568
611
628
641
647
668
675
708
749
752
753
754
755
759
768
772
806
813
814
832
852
900
911
915
917
918
919
937
938
938
946
966
975
980
985
986
1004
1013
1025
1030
1046
1091
1111
1130
1136
1150
1204
1211
1243
1247
1263
1265
1290
1293
1329
1343
1381
1393
1419
1435
1449
1456
1460
1464
1470
1470
1471
1506
1527
1553
1555
1560
1572
1573
1574
1575
1591
1595
1609
1612
1617
1618
1626
1627
1638
1642
1668
1672
1705
1719
1752
1772
1780
1781
1788
1798
1811
1819
1840
1848
1850
1869
1871
1875
1934
1937
1941
1978
1986
1986
1992
2004
2008
2013
2029
2035
2061
2075
2086
2095
2101
2101
2107
2114
2131
2155
2157
2157
2174
2178
2181
2191
2195
2210
2211
2215
2224
2225
2233
2250
2252
2257
2293
2316
2321
2331
2333
2342
2343
2346
2352
2359
2373
2402
2416
2421
2422
2427
2429
2438
2445
2453
2478
2501
2508
2515
2515
2524
2551
2575
2577
2580
2597
2601
2618
2633
2635
2646
2650
2664
2678
2698
2707
2729
2745
2759
2774
2774
2784
2789
2800
2824
2834
2836
2837
2859
2861
2869
2873
2894
2908
2911
2913
2918
2922
2929
2931
2941
2951
2951
2967
2969
2971
2995
2997
3000
3022
3036
3050
3055
3069
3092
3093
3098
3125
3129
3160
3160
3171
3191
3192
3194
3195
3198
3199
3225
3240
3273
3295
3315
3340
3347
3366
3370
3378
3391
3399
3409
3413
3422
3429
3436
3436
3438
3438
3438
3452
3469
3473
3473
3480
3490
3496
3508
3509
3577
3604
3605
3616
3620
3628
3638
3650
3650
3678
3684
3707
3716
3717
3724
3725
3739
3755
3766
3768
3796
3806
3821
3822
3836
3855
3857
3902
3905
3920
3930
3959
3964
3980
3998
4012
4020
4022
4032
4042
4044
4056
4060
4080
4080
4094
4102
4129
4149
4156
4169
4176
4177
4183
4186
4188
4189
4220
4240
4246
4253
4253
4262
4264
4286
4288
4297
4298
4312
4314
4321
4322
4326
4369
4374
4388
4392
4400
4403
4409
4415
4424
4424
4434
4435
4441
4441
4447
4453
4457
4481
4488
4494
4513
4530
4543
4549
4575
4575
4578
4582
4591
4597
4626
4638
4647
4647
4650
4657
4659
4668
4674
4680
4710
4720
4721
4756
4781
4796
4805
4817
4817
4844
4844
4847
4849
4852
4855
4884
4903
4962
4963
4966
4966
4989
4990
4991
4992
4998
5018
5022
5032
5040
5055
5061
5066
5081
5084
5097
5114
5123
5125
5131
5138
5191
5198
5208
5216
5229
5234
5236
5240
5252
5253
5257
5293
5293
5303
5310
5312
5325
5337
5347
5354
5354
5357
5357
5361
5380
5380
5387
5390
5404
5424
5443
5464
5506
5509
5515
5518
5559
5563
5565
5566
5578
5581
5602
5604
5618
5627
5631
5651
5651
5670
5692
5698
5701
5705
5712
5712
5714
5731
5736
5779
5788
5815
5817
5833
5844
5855
5877
5890
5915
5933
5954
5966
5987
5999
6009
6012
6014
6020
6023
6023
6023
6026
6029
6052
6063
6079
6087
6092
6102
6128
6137
6140
6141
6153
6163
6164
6179
6186
6190
6206
6222
6252
6276
6286
6304
6306
6326
6332
6336
6337
6353
6397
6397
6410
6418
6428
6436
6463
6467
6469
6470
6472
6482
6503
6514
6576
6582
6621
6628
6634
6644
6660
6678
6680
6698
6716
6745
6757
6758
6773
6775
6778
6795
6801
6805
6811
6846
6861
6862
6875
6879
6907
6910
6911
6920
6940
6960
6974
6977
6982
6984
6995
6997
7029
7060
7060
7082
7094
7098
7101
7121
7123
7140
7185
7191
7195
7203
7231
7235
7239
7256
7264
7274
7280
7299
7319
7351
7356
7362
7373
7379
7386
7390
7396
7424
7439
7447
7467
7469
7474
7486
7486
7486
7487
7491
7520
7533
7557
7558
7568
7583
7597
7601
7602
7614
7644
7648
7660
7662
7680
7685
7692
7692
7696
7703
7708
7715
7725
7726
7767
7775
7784
7794
7795
7797
7804
7836
7840
7840
7842
7843
7845
7849
7850
7862
7880
7881
7886
7892
7921
7933
7940
7970
7992
8010
8018
8019
8026
8028
8043
8054
8087
8099
8119
8130
8147
8149
8160
8166
8184
8202
8202
8204
8220
8235
8242
8248
8254
8256
8260
8285
8293
8301
8310
8317
8319
8348
8350
8367
8388
8391
8392
8394
8402
8415
8415
8428
8431
8435
8460
8462
8489
8515
8522
8530
8530
8567
8571
8575
8586
8591
8601
8619
8643
8655
8668
8683
8684
8706
8722
8738
8778
8780
8799
8799
8805
8810
8819
8820
8839
8848
8869
8880
8900
8902
8910
8922
8936
8958
8965
8967
8969
9000
9005
9007
9008
9014
9018
9023
9072
9084
9095
9103
9114
9154
9161
9188
9189
9195
9212
9218
9221
9224
9232
9250
9278
9293
9295
9322
9340
9341
9352
9358
9385
9398
9411
9424
9429
9431
9431
9434
9451
9469
9476
9487
9497
9600
9628
9675
9680
9687
9696
9707
9715
9717
9727
9729
9747
9750
9770
9780
9811
9812
9830
9832
9842
9850
9871
9888
9919
9928
9932
9940
9942
9973
9977
9986
9998
9999
10007
10036
10046
10089
10099
10101
10103
10107
10111
10113
10115
10118
10154
10161
10205
10217
10218
10231
10242
10242
10243
10258
10273
10274
10275
10282
10284
10296
10297
10306
10323
10329
10357
10388
10396
10408
10415
10424
10428
10436
10443
10445
10463
10476
10522
10530
10532
10559
10570
10575
10586
10602
10616
10637
10651
10668
10673
10678
10694
10714
10772
10775
10782
10787
10792
10816
10822
10827
10852
10866
10875
10877
10878
10887
10892
10923
10925
10929
10932
10935
10944
10951
10951
10990
11076
11084
11086
11099
11107
11116
11119
11131
11141
11152
11155
11163
11168
11185
11188
11211
11213
11213
11216
11260
11268
11270
11272
11279
11289
11296
11299
11300
11305
11321
