0
3
9
12
31
33
34
45
46
48
53
55
57
60
65
68
69
72
77
78
80
80
83
83
85
86
87
87
93
105
110
112
115
118
118
127
137
137
138
141
145
153
160
177
185
186
190
198
211
213
226
230
232
232
235
237
248
250
254
275
278
290
293
294
297
309
320
321
327
329
341
348
352
352
357
359
363
386
389
390
393
412
432
443
444
451
453
455
460
461
470
479
481
486
492
496
499
502
509
511
515
519
520
524
543
544
556
562
570
578
579
591
596
600
602
614
617
619
620
621
625
630
633
634
637
642
644
652
667
670
670
676
680
690
709
719
723
732
737
740
740
741
743
746
751
761
783
784
799
800
801
804
805
816
827
827
833
837
850
854
855
858
860
862
864
867
876
880
886
894
923
929
936
941
945
947
953
956
957
963
965
966
967
970
972
974
983
990
998
998
1002
1011
1014
1016
1018
1019
1021
1023
1026
1032
1036
1043
1044
1050
1064
1064
1076
1081
1081
1091
1091
1104
1105
1107
1108
1112
1122
1124
1126
1134
1136
1141
1144
1151
1158
1169
1173
1174
1181
1186
1188
1191
1199
1212
1217
1221
1224
1228
1231
1231
1232
1239
1240
1241
1248
1251
1251
1266
1267
1267
1270
1278
1284
1290
1300
1301
1311
1312
1316
1323
1325
1333
1337
1342
1342
1348
1349
1359
1375
1385
1389
1405
1407
1409
1414
1421
1421
1430
1432
1443
1444
1460
1474
1480
1484
1486
1488
1494
1507
1514
1517
1523
1526
1528
1537
1542
1546
1556
1558
1559
1562
1564
1567
1572
1574
1583
1584
1586
1587
1589
1593
1594
1596
1600
1600
1626
1631
1640
1657
1666
1670
1671
1675
1684
1684
1691
1698
1701
1705
1714
1725
1732
1734
1736
1738
1746
1748
1753
1760
1769
1774
1778
1778
1786
1787
1788
1793
1802
1804
1805
1813
1814
1815
1823
1827
1831
1833
1835
1844
1847
1854
1854
1874
1883
1883
1890
1891
1898
1904
1905
1908
1916
1919
1927
1938
1939
1944
1945
1953
1953
1959
1963
1965
1966
1972
1973
1974
1982
1990
1997
2016
2019
2022
2032
2041
2043
2053
2054
2059
2069
2069
2070
2077
2079
2080
2082
2088
2089
2094
2095
2099
2100
2102
2110
2131
2160
2165
2167
2172
2177
2181
2181
2186
2189
2199
2201
2219
2221
2222
2224
2232
2237
2239
2244
2247
2258
2259
2259
2261
2270
2271
2271
2284
2292
2296
2297
2307
2307
2310
2316
2318
2325
2326
2335
2337
2350
2351
2356
2358
2363
2370
2374
2384
2386
2387
2389
2401
2401
2405
2405
2406
2410
2414
2416
2417
2424
2427
2439
2450
2451
2452
2453
2472
2475
2483
2492
2498
2505
2506
2509
2510
2513
2518
2527
2527
2536
2543
2544
2546
2547
2550
2565
2575
2577
2577
2582
2582
2584
2592
2607
2616
2626
2627
2630
2636
2637
2637
2638
2639
2644
2645
2653
2654
2654
2659
2663
2665
2666
2671
2672
2675
2683
2691
2698
2707
2707
2707
2714
2715
2728
2729
2729
2741
2746
2750
2753
2759
2784
2788
2792
2792
2794
2795
2795
2800
2804
2805
2812
2813
2815
2816
2819
2819
2822
2839
2841
2859
2860
2863
2869
2878
2883
2883
2891
2894
2897
2900
2905
2913
2929
2931
2935
2945
2946
2975
2977
2979
2980
2984
2986
2988
2989
2994
3000
3000
3006
3014
3018
3025
3027
3041
3044
3045
3046
3047
3049
3052
3058
3063
3076
3088
3091
3091
3104
3110
3114
3120
3127
3130
3132
3135
3136
3137
3140
3141
3147
3147
3148
3161
3166
3177
3179
3180
3187
3195
3203
3203
3218
3242
3245
3248
3248
3261
3267
3273
3275
3277
3280
3286
3286
3306
3308
3309
3310
3331
3343
3347
3352
3353
3357
3375
3375
3379
3382
3395
3405
3419
3422
3422
3429
3436
3439
3441
3444
3444
3445
3454
3468
3469
3475
3480
3482
3484
3486
3487
3491
3500
3501
3508
3513
3518
3522
3524
3536
3538
3543
3551
3564
3576
3582
3583
3589
3593
3599
3599
3608
3621
3630
3645
3647
3658
3659
3666
3669
3669
3673
3698
3702
3702
3705
3711
3717
3731
3735
3739
3742
3746
3748
3748
3756
3762
3776
3778
3782
3794
3808
3810
3830
3837
3841
3844
3850
3854
3863
3865
3888
3902
3910
3923
3929
3929
3942
3949
3949
3949
3957
3965
3968
3974
3975
3976
3986
3988
3991
4002
4003
4015
4018
4023
4024
4043
4046
4049
4058
4059
4061
4064
4077
4084
4084
4084
4084
4085
4095
4099
4103
4106
4111
4118
4120
4127
4140
4145
4146
4153
4157
4159
4163
4167
4170
4170
4176
4181
4182
4193
4194
4196
4202
4203
4208
4212
4218
4222
4229
4232
4234
4239
4246
4253
4254
4259
4279
4299
4306
4306
4307
4321
4325
4328
4331
4353
4354
4362
4371
4374
4400
4400
4405
4409
4415
4428
4432
4432
4433
4434
4434
4438
4439
4442
4455
4459
4471
4475
4482
4483
4489
4504
4510
4516
4516
4535
4538
4539
4543
4544
4554
4558
4559
4560
4565
4565
4583
4595
4612
4622
4623
4625
4630
4634
4671
4673
4682
4682
4690
4698
4706
4708
4711
4719
4726
4729
4729
4730
4732
4738
4744
4745
4746
4759
4763
4767
4774
4776
4777
4783
4783
4798
4802
4806
4808
4810
4810
4814
4825
4825
4827
4828
4840
4848
4853
4859
4864
4868
4868
4869
4874
4875
4882
4883
4887
4889
4891
4892
4897
4901
4906
4909
4909
4910
4911
4913
4924
4941
4942
4944
4946
4948
4949
4954
4956
4964
4965
4976
4976
4977
4981
4985
4985
4986
4986
4989
4992
5000
5006
5007
5008
5015
5026
5026
5030
5036
5038
5038
5047
5049
5071
5075
5075
5076
5079
5079
5086
5093
5095
5099
5099
5111
5117
5119
5132
5132
5134
5141
5151
5154
5155
5163
5175
5182
5184
5189
5192
5193
5204
5209
5224
5229
5232
5233
5234
5235
5239
5241
5242
5242
5255
5256
5263
5271
5278
5279
5281
5287
5295
5300
5307
5312
5316
5320
5323
5325
5329
5336
5340
5346
5357
5358
5358
5359
5360
5366
5367
5370
5373
5380
5384
5386
5396
5397
5405
5416
5419
5423
5435
5440
5445
5452
5453
5455
5456
5460
5463
5464
5471
5477
5479
5483
5484
5503
5512
5515
5519
5520
5523
5524
5525
5533
5534
5537
5540
5546
5552
5557
5560
5565
5568
5571
5573
5582
5582
5586
5587
5588
5593
5600
5604
5609
5615
5621
5630
5634
5634
5638
5645
5647
5651
5653
5654
5656
5672
5675
5678
5687
5689
5696
5699
5712
5719
5726
5741
5753
5756
5756
5762
5767
5769
5776
5780
5784
5788
5789
5797
5806
5808
5820
5821
5828
5828
5834
5837
5841
5844
5848
5851
5863
5865
5881
5883
5884
5888
5890
5890
5891
5905
5925
5931
5955
5957
5962
5966
5967
5985
5987
5998
6001
6008
6018
6023
6025
6025
6025
6028
6036
6041
6050
6064
6074
6075
6078
6082
6091
6092
6096
6098
6099
6099
6102
6103
6103
6105
6109
6111
6118
6122
6123
6129
6134
6140
6141
6143
6166
6169
6170
6172
6180
6180
6180
6181
6185
6186
6188
6199
6203
6206
6207
6213
6218
6222
6226
6227
6233
6242
6249
6252
6253
6257
6273
6284
6291
6300
6301
6304
6306
6319
6328
6331
6337
6337
6338
6345
6346
6353
6358
6359
6359
6362
6365
6376
6377
6378
6381
6381
6385
6389
6402
6403
6403
6413
6419
6426
6429
6433
6438
6441
6444
6447
6447
6451
6456
6468
6470
6471
6478
6488
6491
6499
6511
6513
6518
6525
6526
6529
6532
6533
6543
6545
6551
6561
6570
6595
6606
6608
6610
6613
6619
6620
6626
6628
6647
6648
6648
6661
6665
6667
6668
6676
6683
6688
6688
6689
6689
6689
6700
6707
6708
6714
6715
6725
6728
6732
6733
6745
6747
6748
6748
6761
6768
6768
6777
6779
6789
6798
6798
6804
6808
6811
6818
6825
6828
6833
6839
6843
6844
6849
6854
6854
6854
6856
6868
6874
6881
6890
6890
6899
6902
6915
6915
6929
6942
6953
6953
6960
6960
6963
6967
6970
6979
6980
6983
6986
6992
7003
7003
7003
7011
7026
7030
7032
7035
7044
7044
7046
7051
7053
7054
7060
7066
7074
7086
7096
7099
7102
7110
7116
7120
7128
7131
7132
7132
7140
7145
7146
7146
7149
7154
7156
7157
7159
7160
7164
7175
7181
7193
7212
7221
7222
7222
7230
7232
7245
7248
7265
7267
7269
7279
7282
7283
7292
7295
7301
7320
7324
7324
7325
7332
7334
7337
7345
7346
7354
7357
7362
7374
7378
7384
7395
7418
7419
7424
7425
7433
7437
7440
7442
7446
7451
7453
7455
7460
7462
7464
7469
7481
7483
7502
7513
7525
7526
7547
7548
7555
7556
7565
7567
7588
7592
7596
7601
7603
7611
7612
7615
7629
7646
7650
7657
7659
7661
7661
7665
7667
7672
7681
7682
7686
7686
7687
7690
7699
7714
7714
7725
7725
7735
7739
7740
7744
7750
7750
7753
7757
7761
7761
7764
7767
7773
7782
7789
7796
7797
7799
7821
7823
7823
7824
7830
7831
7834
7837
7842
7843
7851
7854
7857
7859
7865
7877
7878
7885
7891
7895
7899
7902
7904
7919
7929
7945
7946
7955
7958
7963
7966
7976
7986
7988
7991
7996
7997
7999
8000
8002
8004
8005
8011
8014
8015
8016
8017
8022
8022
8023
8035
8042
8043
8055
8059
8060
8061
8064
8072
8073
8074
8077
8079
8093
8106
8107
8111
8120
8121
8133
8140
8142
8149
8154
8156
8173
8183
8184
8190
8192
8194
8205
8209
8222
8224
8225
8226
8230
8232
8249
8268
8268
8271
8283
8286
8287
8287
8289
8292
8292
8293
8307
8312
8315
8315
8322
8330
8333
8336
8344
8347
8348
8371
8386
8386
8387
8389
8389
8391
8404
8407
8412
8412
8413
8436
8442
8442
8444
8445
8446
8449
8450
8450
8453
8457
8459
8477
8478
8480
8481
8485
8491
8496
8502
8513
8524
8525
8528
8528
8529
8530
8532
8553
8559
8564
8577
8581
8583
8583
8592
8597
8602
8603
8609
8627
8634
8635
8638
8639
8641
8642
8643
8644
8679
8682
8682
8686
8686
8687
8689
8693
8693
8694
8705
8714
8718
8721
8722
8723
8731
8735
8735
8738
8742
8748
8749
8754
8759
8769
8779
8780
8787
8795
8801
8803
8823
8830
8834
8835
8836
8844
8844
8848
8851
8853
8854
8855
8858
8859
8859
8863
8874
8880
8884
8891
8891
8891
8892
8895
8900
8902
8908
8914
8918
8919
8934
8943
8948
8949
8951
8962
8970
8972
8974
8975
8975
8978
8979
8979
8984
8992
8995
8996
9000
9001
9001
9016
9026
9026
9029
9030
9033
9042
9042
9053
9054
9061
9063
9073
9088
9089
9096
9112
9112
9114
9119
9123
9126
9134
9146
9147
9150
9166
9166
9173
9177
9178
9188
9205
9221
9225
9227
9240
9249
9250
9252
9259
9263
9263
9274
9282
9288
9307
9308
9308
9336
9339
9339
9353
9362
9364
9366
9367
9368
9368
9378
9378
9381
9382
9392
9395
9400
9407
9415
9415
9417
9420
9421
9424
9440
9440
9442
9450
9452
9453
9462
9465
9465
9465
9477
9492
9495
9502
9506
9510
9518
9521
9532
9533
9536
9538
9541
9544
9546
9551
9551
9552
9554
9558
9561
9561
9576
9578
9579
9606
9610
9610
9613
9630
9640
9641
9646
9648
9650
9651
9655
9659
9663
9663
9668
9673
9678
9693
9695
9695
9698
9698
9701
9711
9713
9715
9716
9717
9718
9725
9727
9738
9744
9749
9755
9759
9761
9766
9767
9776
9781
9782
9785
9792
9798
9799
9804
9808
9808
9824
9826
9835
9835
9839
9840
9850
9852
9854
9854
9854
9855
9859
9859
9864
9864
9870
9871
9874
9875
9875
9884
9887
9888
9890
9892
9894
9904
9913
9913
9922
9923
9935
9938
9941
9941
9947
9952
9956
9956
9961
9963
9979
10014
10015
10019
10023
10030
10030
10043
10043
10047
10056
10059
10077
10097
10117
10117
10122
10146
10152
10155
10156
10163
10166
10168
10169
10170
10178
10182
10185
10186
10192
10193
10211
10213
10221
10223
10233
10234
10241
10250
10251
10252
10263
10264
10268
10271
10281
10287
10292
10304
10324
10336
10353
10356
10364
10367
10368
10369
10373
10383
10390
10390
10391
10394
10395
10397
10405
10409
10420
10423
10425
10428
10430
10442
10449
10455
10455
10456
10482
10485
10488
10510
10516
10518
10530
10534
10540
10543
10545
10547
10555
10559
10578
10579
10592
10596
10610
10625
10640
10646
10669
10672
10673
10676
10681
10689
10690
10696
10705
10707
10713
10713
10715
10717
10721
10737
10737
10760
10767
10779
10783
10789
10793
10794
10794
10794
10805
10808
10818
10820
10822
10822
10822
10837
10845
10852
10855
10856
10860
10873
10874
10875
10890
10899
10903
10909
10935
10945
10947
10947
10947
10961
10964
10965
10966
10968
10976
10977
10978
10987
10987
10989
10992
10997
11001
11002
11004
11008
11014
11017
11024
11024
11039
11042
11056
11062
11078
11079
11083
11085
11107
11107
11117
11117
11121
11122
11123
11134
11134
11137
11141
11149
11154
11155
11159
11160
11166
11166
11168
11173
11181
11182
11183
11194
11197
11205
11221
11231
11237
11253
11254
11276
11279
11287
11300
11307
11312
11334
11338
11350
11354
11355
11370
11377
11393
11394
11394
11398
11400
11400
11400
11413
11419
11427
11433
11443
11449
11450
11457
11462
11463
11464
11476
11477
11478
11488
11490
11503
11507
11510
11512
11524
11525
11525
11526
11535
11536
11543
11546
11547
11555
11558
11558
11558
11563
11563
11564
11565
11582
11584
11586
11601
11605
11605
11613
11622
11630
11632
11634
11645
11645
11651
11661
11672
11673
11674
11680
11682
11688
11695
11703
11703
11707
11707
11708
11711
11711
11718
11723
11724
11724
11727
11729
11737
11747
11747
11748
11751
11753
11755
11760
11763
11766
11770
11777
11786
11788
11788
11810
11813
11852
11858
11861
11863
11863
11879
11881
11889
11892
11893
11905
11906
11928
11937
11960
11968
11976
11980
11982
11983
11983
11990
11992
11993
11998
11999
12000
12008
12010
12015
12024
12030
12032
12038
12041
12045
12047
12049
12052
12067
12079
12086
12090
12091
12099
12099
12100
12101
12104
12106
12115
12119
12121
12142
12152
12155
12156
12160
12176
12176
12177
12183
12202
12204
12205
12213
12213
12219
12229
12233
12238
12240
12241
12241
12244
12246
12254
12260
12266
12285
12286
12289
12294
12297
12301
12308
12314
12325
12326
12326
12328
12332
12357
12369
12371
12376
12383
12385
12390
12390
12394
12396
12399
12411
12414
12416
12419
12427
12429
12433
12445
12450
12450
12453
12459
12463
12467
12499
12502
12520
12524
12533
12536
12541
12554
12560
12563
12578
12582
12585
12597
12598
12603
12609
12622
12623
12624
12627
12629
12648
12653
12655
12658
12660
12662
12663
12664
12665
12667
12697
12698
12704
12717
12718
12720
12725
12728
12742
12748
12751
12752
12753
12757
12758
12759
12763
12768
12768
12772
12773
12776
12787
12795
12796
12797
12799
12800
12806
12807
12812
12812
12817
12821
12825
12833
12838
12840
12840
12842
12843
12844
12845
12846
12847
12853
12863
12882
12887
12889
12895
12896
12901
12902
12902
12915
12917
12917
12924
12930
12931
12932
12932
12934
12939
12940
12941
12942
12946
12950
12955
12959
12960
12961
12967
12973
12975
12977
12988
12989
13006
13007
13014
13016
13030
13042
13042
13050
13057
13058
13058
13060
13071
13083
13095
13100
13104
13106
13119
13123
13132
13132
13141
13156
13173
13178
13183
13187
13188
13190
13195
13200
13201
13202
13209
13210
13221
13229
13231
13231
13232
13236
13237
13239
13243
13248
13248
13248
13254
13255
13256
13258
13260
13262
13277
13283
13285
13288
13289
13291
13294
13297
13301
13309
13310
13318
13329
13329
13330
13333
13343
13343
13351
13352
13354
13362
13369
13380
13397
13402
13405
13414
13433
13433
13437
13456
13460
13469
13479
13485
13490
13493
13495
13496
13497
13498
13498
13504
13505
13509
13511
13517
13519
13524
13527
13531
13531
13533
13536
13564
13566
13571
13573
13580
13596
13596
13603
13610
13624
13630
13631
13640
13645
13648
13649
13653
13655
13656
13674
13681
13689
13691
13697
13699
13701
13702
13708
13710
13721
13729
13731
13743
13743
13744
13747
13749
13755
13756
13764
13770
13774
13780
13781
13783
13786
13790
13791
13796
13801
13802
13807
13808
13818
13826
13830
13838
13841
13841
13842
13847
13848
13849
13862
13864
13875
13875
13879
13881
13905
13917
13920
13932
13935
13939
13941
13953
13955
13958
13962
13963
13974
13976
13984
13984
13993
13994
13995
14000
14002
14006
14020
14027
14029
14031
14033
14047
14061
14065
14068
14074
14079
14087
14089
14093
14096
14097
14099
14103
14106
14108
14108
14109
14111
14116
14122
14125
14130
14137
14145
14146
14147
14162
14169
14177
14189
14189
14192
14194
14197
14203
14212
14212
14219
14226
14226
14238
14249
14264
14269
14273
14275
14278
14300
14312
14320
14333
14334
14342
14345
14349
14359
14360
14362
14366
14376
14381
14386
14393
14400
14400
14408
14412
14412
14421
14432
14442
14445
14446
14448
14452
14452
14454
14457
14462
14466
14473
14478
14479
14479
14480
14497
14503
14510
14513
14517
14517
14520
14522
14543
14549
14554
14556
14557
14575
14588
14618
14620
14623
14623
14623
14624
14624
14627
14637
14638
14638
14642
14644
14647
14648
14654
14657
14661
14663
14670
14676
14682
14686
14687
14690
14690
14695
14698
14701
14703
14703
14706
14706
14711
14712
14717
14720
14730
14731
14743
14744
14749
14749
14751
14754
14762
14776
14779
14787
14794
14809
14816
14830
14831
14837
14837
14838
14842
14855
14858
14858
14858
14861
14867
14867
14875
14880
14886
14891
14895
14895
14907
14908
14920
14930
14940
14941
14947
14952
14955
14970
14982
14997
14998
15002
15008
15009
15009
15019
15034
15034
15038
15047
15052
15053
15055
15058
15060
15066
15071
15077
15078
15083
15088
15089
15091
15092
15092
15098
15101
15112
15113
15113
15124
15125
15125
15131
15132
15132
15134
15139
15149
15158
15171
15181
15185
15189
15195
15199
15202
15213
15214
15215
15219
15221
15236
15239
15248
15259
15260
15264
15269
15275
15283
15289
15292
15295
15297
15299
15299
15305
15311
15315
15321
15321
15322
15327
15331
15339
15340
15363
15367
15368
15371
15375
15383
15383
15385
15391
15395
15403
15421
15423
15432
15434
15436
15438
15440
15447
15449
15450
15450
15451
15465
15467
15481
15481
15488
15488
15497
15511
15523
15541
15544
15546
15547
15551
15554
15558
15560
15568
15575
15576
15584
15589
15590
15597
15601
15601
15605
15611
15619
15619
15637
15638
15639
15639
15643
15657
15664
15665
15672
15674
15689
15691
15697
15702
15705
15706
15707
15713
15714
15716
15734
15742
15750
15768
15769
15770
15770
15773
15781
15804
15808
15809
15810
15811
15813
15814
15816
15826
15836
15839
15841
15845
15850
15860
15861
15864
15872
15876
15881
15889
15895
15900
15900
15905
15915
15918
15919
15922
15925
15925
15931
15934
15938
15942
15947
15952
15954
15966
15968
15969
15970
15970
15974
15975
15979
15979
15980
15989
15998
16013
16016
16021
16030
16035
16040
16042
16045
16046
16047
16053
16054
16056
16062
16063
16063
16080
16080
16083
16084
16086
16088
16089
16089
16091
16091
16096
16100
16105
16106
16108
16109
16116
16134
16135
16139
16139
16142
16145
16154
16156
16157
16164
16164
16166
16167
16169
16170
16175
16179
16181
16184
16185
16191
16197
16205
16206
16207
16214
16217
16227
16240
16247
16251
16272
16279
16282
16284
16287
16289
16295
16296
16297
16299
16299
16302
16312
16313
16315
16315
16315
16317
16318
16323
16331
16332
16334
16337
16339
16345
16357
16365
16368
16371
16371
16378
16381
16387
16387
16387
16388
16393
16394
16405
16412
16415
16423
16423
16426
16432
16434
16435
16440
16445
16451
16461
16462
16479
16491
16505
16506
16531
16532
16533
16535
16556
16558
16559
16566
16567
16572
16577
16584
16589
16591
16605
16606
16608
16612
16613
16614
16618
16620
16624
16630
16634
16638
16642
16645
16651
16653
16656
16665
16672
16684
16686
16692
16697
16698
16700
16712
16723
16727
16730
16740
16741
16753
16754
16755
16756
16757
16773
16773
16776
16780
16781
16783
16786
16790
16792
16796
16796
16796
16805
16809
16811
16815
16819
16825
16825
16827
16834
16840
16842
16842
16843
16844
16845
16846
16851
16851
16855
16862
16888
16901
16911
16913
16917
16921
16927
16928
16934
16935
16949
16953
16954
16955
16964
16972
16973
16983
16989
16992
17000
17005
17009
17012
17026
17027
17044
17048
17053
17053
17057
17059
17071
17076
17082
17086
17086
17090
17093
17101
17116
17120
17129
17129
17139
17140
17144
17145
17146
17157
17160
17162
17165
17169
17179
17182
17188
17196
17199
17201
17206
17216
17219
17226
17229
17230
17232
17232
17236
17236
17237
17239
17241
17244
17249
17252
17256
17260
17261
17262
17266
17272
17280
17281
17283
17284
17291
17292
17293
17297
17308
17309
17318
17331
17335
17342
17343
17347
17353
17353
17356
17362
17365
17368
17368
17373
17379
17386
17397
17408
17415
17416
17421
17434
17434
17442
17446
17447
17451
17455
17459
17465
17467
17473
17487
17490
17496
17497
17498
17498
17499
17502
17515
17518
17520
17531
17533
17535
17536
17542
17546
17559
17567
17572
17580
17583
17585
17593
17595
17598
17601
17603
17612
17613
17617
17640
17646
17653
17657
17663
17665
17679
17680
17685
17685
17686
17686
17693
17695
17702
17706
17709
17715
17726
17728
17729
17732
17745
17752
17762
17769
17771
17774
17774
17782
17783
17786
17810
17810
17811
17819
17825
17826
17827
17832
17838
17854
17855
17867
17868
17872
17878
17879
17886
17887
17893
17895
17897
17901
17903
17903
17914
17915
17917
17922
17932
17941
17943
17947
17956
17956
17961
17965
17976
17976
17990
17991
18000
18007
18007
18009
18012
18017
18034
18040
18059
18065
18065
18081
18088
18090
18094
18096
18100
18103
18104
18108
18108
18115
18125
18125
18126
18126
18129
18132
18148
18148
18154
18168
18170
18170
18177
18180
18195
18204
18235
18237
18238
18256
18294
18295
18300
18319
18321
18321
18322
18327
18331
18334
18338
18341
18350
18352
18359
18367
18369
18369
18373
18378
18382
18387
18392
18405
18418
18425
18427
18430
18441
18445
18447
18459
18465
18472
18478
18482
18482
18486
18490
18492
18493
18494
18496
18499
18503
18504
18504
18506
18508
18509
18514
18515
18522
18523
18531
18531
18538
18548
18550
18551
18557
18558
18567
18570
18579
18583
18584
18585
18589
18590
18601
18609
18611
18623
18632
18637
18639
18642
18648
18660
18662
18667
18670
18678
18680
18680
18688
18690
18690
18692
18695
18705
18716
18737
18740
18745
18747
18747
18752
18755
18757
18759
18766
18768
18775
18779
18780
18785
18787
18787
18792
18798
18808
18814
18814
18822
18824
18830
18831
18834
18840
18842
18843
18848
18851
18854
18857
18878
18882
18885
18895
18897
18899
18899
18911
18912
18917
18918
18918
18920
18922
18925
18927
18931
18932
18935
18937
18953
18954
18963
18963
18967
18975
18982
18986
19010
19011
19013
19015
19019
19021
19024
19025
19026
19031
19038
19051
19069
19073
19078
19078
19081
19082
19085
19085
19086
19086
19095
19107
19108
19110
19113
19113
19147
19147
19153
19159
19159
19174
19186
19195
19197
19202
19208
19208
19210
19213
19214
19220
19229
19242
19244
19247
19250
19250
19251
19252
19257
19258
19263
19265
19269
19269
19272
19272
19275
19285
19288
19289
19297
19297
19301
19304
19314
19315
19330
19334
19342
19342
19343
19343
19345
19350
19352
19354
19356
19359
19370
19382
19387
19387
19411
19414
19418
19421
19423
19434
19446
19447
19456
19456
19462
19466
19489
19491
19507
19512
19518
19522
19524
19527
19530
19537
19537
19543
19547
19548
19550
19550
19551
19553
19557
19560
19566
19567
19568
19568
19575
19577
19577
19581
19590
19595
19596
19618
19619
19627
19634
19645
19648
19649
19649
19662
19664
19666
19676
19677
19682
19682
19686
19688
19689
19689
19690
19692
19695
19705
19706
19711
19718
19718
19719
19725
19741
19744
19750
19755
19756
19760
19767
19770
19770
19778
19784
19784
19786
19787
19788
19790
19793
19795
19795
19801
19804
19811
19812
19818
19820
19822
19826
19826
19828
19831
19831
19832
19836
19837
19844
19848
19850
19857
19858
19861
19863
19868
19870
19872
19875
19877
19882
19891
19900
19900
19901
19917
19919
19924
19928
19929
19936
19940
19947
19948
19953
19954
19964
19973
19980
19984
20006
20017
20027
20030
20035
20043
20053
20060
20063
20065
20071
20075
20091
20094
20097
20099
20099
20102
20105
20105
20111
20112
20125
20125
20137
20140
20146
20148
20148
20155
20156
20156
20160
20165
20183
20185
20187
20197
20219
20220
20221
20228
20229
20235
20245
20247
20249
20251
20253
20266
20274
20274
20275
20276
20282
20292
20299
20303
20314
20324
20327
20332
20333
20333
20344
20349
20373
20373
20376
20377
20382
20403
20403
20406
20419
20420
20423
20426
20437
20439
20444
20451
20454
20456
20457
20458
20458
20473
20476
20478
20485
20486
20506
20518
20519
20520
20523
20531
20534
20536
20541
20544
20545
20557
20558
20559
20559
20560
20567
20569
20570
20585
20589
20591
20594
20602
20605
20614
20615
20627
20633
20638
20641
20650
20654
20667
20671
20672
20676
20681
20685
20688
20694
20702
20704
20704
20709
20711
20721
20722
20728
20729
20734
20734
20738
20749
20768
20782
20783
20786
20787
20794
20803
20814
20814
20818
20829
20839
20848
20855
20855
20877
20878
20892
20896
20903
20903
20906
20906
20915
20917
20919
20920
20921
20924
20931
20934
20939
20941
20947
20958
20960
20966
20973
20978
20982
20983
20984
20985
20991
20995
21022
21025
21026
21030
21061
21062
21063
21064
21078
21082
21089
21092
21098
21107
21108
21108
21109
21112
21112
21119
21138
21148
21165
21167
21168
21185
21199
21199
21204
21205
21209
21209
21210
21212
21218
21220
21224
21226
21226
21226
21233
21240
21241
21259
21266
21266
21267
21285
21288
21296
21296
21296
21298
21302
21303
21308
21312
21313
21315
21315
21316
21318
21319
21320
21322
21325
21329
21330
21333
21337
21338
21360
21361
21363
21365
21372
21375
21375
21387
21388
21390
21396
21398
21400
21407
21408
21414
21415
21415
21415
21417
21418
21426
21433
21435
21435
21436
21445
21449
21452
21457
21474
21479
21496
21498
21519
21520
21526
21534
21538
21542
21544
21549
21559
21562
21566
21568
21575
21578
21580
21580
21580
21580
21583
21592
21594
21603
21605
21608
21620
21631
21631
21633
21637
21644
21644
21650
21658
21659
21660
21661
21665
21666
21672
21674
21676
21677
21677
21682
21685
21686
21686
21692
21693
21694
21694
21698
21702
21716
21724
21730
21733
21739
21739
21753
21756
21762
21762
21763
21765
21766
21768
21774
21776
21776
21777
21782
21783
21783
21787
21788
21789
21793
21797
21807
21807
21808
21811
21820
21825
21831
21840
21844
21845
21847
21848
21849
21851
21857
21860
21866
21866
21877
21878
21886
21889
21892
21898
21899
21905
21909
21911
21916
21916
21940
21942
21949
21952
21960
21960
21972
21979
21992
21995
21996
21998
22003
22005
22006
22008
22012
22016
22023
22025
22027
22038
22042
22044
22045
22049
22050
22050
22051
22052
22055
22062
22065
22065
22067
22072
22081
22082
22086
22087
22089
22097
22105
22111
22112
22113
22123
22133
22138
22140
22149
22150
22154
22157
22160
22163
22180
22182
22183
22192
22197
22199
22204
22207
22208
22218
22225
22225
22226
22233
22234
22246
22254
22255
22262
22264
22265
22269
22276
22277
22285
22288
22301
22315
22318
22319
22322
22342
22343
22345
22351
22352
22359
22361
22361
22362
22364
22369
22370
22372
22386
22389
22392
22393
22398
22401
22403
22404
22406
22409
22411
22412
22413
22415
22452
22458
22467
22468
22473
22473
22478
22482
22486
22487
22498
22499
22503
22505
22505
22508
22511
22513
22516
22518
22518
22527
22529
22535
22539
22556
22561
22567
22568
22571
22575
22583
22585
22590
22593
22595
22612
22615
22617
22623
22631
22632
22632
22637
22638
22652
22663
22665
22669
22670
22676
22677
22682
22690
22710
22711
22725
22730
22732
22736
22740
22747
22748
22749
22756
22758
22763
22769
22772
22772
22778
22779
22787
22787
22789
22790
22796
22803
22812
22812
22814
22818
22821
22829
22834
22838
22851
22851
22856
22858
22862
22867
22868
22870
22872
22883
22888
22894
22905
22910
22928
22931
22934
22942
22951
22960
22960
22961
22968
22968
22969
22970
22980
22981
22987
22987
22990
22993
22995
23002
23002
23023
23024
23024
23026
23030
23045
23052
23052
23058
23059
23083
23084
23087
23089
23090
23091
23093
23106
23109
23120
23121
23122
23124
23125
23125
23138
23155
23158
23162
23165
23168
23168
23170
23182
23184
23186
23189
23190
23191
23193
23195
23196
23202
23206
23224
23226
23228
23229
23232
23242
23250
23252
23255
23260
23264
23279
23280
23287
23287
23292
23297
23302
23303
23311
23316
23317
23319
23324
23325
23325
23327
23330
23335
23347
23352
23359
23372
23372
23377
23386
23387
23391
23403
23405
23410
23412
23417
23422
23425
23428
23435
23436
23444
23450
23465
23466
23466
23468
23482
23488
23490
23508
23520
23522
23523
23526
23529
23529
23529
23530
23533
23538
23541
23543
23544
23545
23552
23557
23559
23566
23570
23572
23581
23594
23601
23612
23615
23619
23621
23621
23623
23630
23640
23640
23656
23657
23663
23675
23678
23683
23688
23694
23701
23707
23712
23716
23724
23729
23735
23749
23758
23758
23764
23776
23778
23782
23785
23791
23795
23799
23803
23808
23813
23831
23836
23836
23849
23854
23861
23862
23862
23869
23872
23872
23882
23891
23892
23895
23896
23896
23898
23899
23904
23912
23923
23927
23932
23940
23943
23948
23950
23953
23959
23960
23962
23972
23984
24014
24016
24023
24031
24035
24038
24043
24044
24048
24049
24050
24054
24060
24063
24063
24068
24073
24074
24077
24080
24082
24082
24088
24088
24090
24090
24090
24091
24100
24105
24112
24112
24113
24119
24138
24140
24140
24143
24153
24155
24155
24173
24175
24177
24181
24191
24192
24195
24201
24204
24208
24216
24222
24224
24225
24228
24243
24244
24251
24257
24269
24271
24272
24273
24278
24284
24287
24289
24289
24291
24296
24305
24309
24317
24321
24344
24367
24369
24376
24376
24384
24388
24391
24399
24399
24403
24404
24410
24415
24423
24427
24434
24459
24460
24466
24473
24480
24484
24486
24498
24503
24505
24506
24506
24511
24512
24512
24516
24519
24523
24531
24541
24542
24544
24565
24569
24581
24583
24594
24597
24597
24603
24605
24610
24616
24618
24622
24629
24637
24647
24650
24652
24655
24655
24660
24668
24671
24681
24683
24687
24687
24689
24697
24713
24720
24736
24739
24749
24754
24755
24756
24758
24759
24761
24761
24763
24770
24776
24778
24814
24814
24832
24834
24842
24845
24853
24856
24873
24892
24894
24896
24907
24912
24912
24913
24914
24914
24924
24933
24936
24939
24946
24949
24954
24964
24964
24964
24966
24970
24993
24994
24994
24994
24994
25016
25020
25024
25030
25034
25053
25055
25057
25060
25063
25067
25068
25075
25077
25081
25082
25083
25084
25085
25091
25092
25093
25096
25097
25097
25104
25110
25122
25125
25135
25145
25148
25160
25161
25165
25166
25166
25171
25175
25177
25187
25188
25188
25191
25195
25198
25206
25207
25207
25210
25212
25216
25217
25221
25222
25226
25234
25237
25238
25245
25248
25258
25259
25268
25273
25280
25288
25291
25294
25294
25297
25302
25308
25311
25315
25327
25329
25332
25339
25341
25350
25351
25356
25356
25365
25367
25372
25386
25390
25392
25399
25399
25404
25405
25411
25411
25441
25444
25446
25448
25451
25460
25466
25471
25472
25473
25474
25474
25476
25482
25492
25493
25494
25497
25510
25510
25517
25518
25518
25523
25530
25531
25533
25533
25536
25553
25554
25560
25564
25564
25565
25576
25578
25578
25590
25594
25603
25607
25608
25613
25614
25620
25628
25630
25633
25638
25638
25645
25652
25652
25653
25657
25658
25677
25677
25680
25681
25682
25689
25697
25717
25726
25730
25735
25735
25743
25747
25751
25751
25753
25778
25789
25799
25802
25806
25808
25811
25818
25820
25829
25829
25841
25849
25855
25866
25868
25869
25872
25874
25878
25882
25882
25884
25901
25901
25917
25924
25925
25934
25938
25942
25954
25960
25966
25972
25988
26011
26013
26013
26028
26029
26032
26050
26059
26067
26074
26077
26091
26092
26093
26097
26118
26118
26119
26128
26129
26144
26145
26147
26148
26150
26159
26160
26165
26174
26174
26196
26196
26196
26197
26208
26209
26212
26213
26216
26222
26223
26225
26226
26227
26242
26249
26252
26252
26258
26272
26274
26278
26285
26286
26293
26297
26299
26301
26312
26315
26322
26331
26334
26339
26343
26344
26344
26344
26348
26348
26349
26354
26356
26361
26365
26366
26369
26372
26381
26383
26391
26396
26400
26411
26420
26422
26422
26422
26425
26426
26426
26436
26439
26448
26454
26461
26468
26488
26489
26490
26494
26495
26497
26501
26509
26511
26512
26516
26522
26526
26528
26528
26529
26530
26537
26539
26548
26549
26557
26565
26565
26566
26570
26572
26582
26587
26587
26589
26600
26601
26606
26611
26616
26621
26626
26630
26630
26658
26661
26664
26672
26684
26687
26694
26697
26703
26707
26709
26710
26722
26724
26731
26747
26747
26756
26763
26764
26765
26776
26783
26789
26790
26796
26805
26806
26817
26817
26823
26824
26830
26833
26835
26838
26844
26849
26850
26854
26860
26868
26871
26872
26873
26878
26880
26887
26893
26902
26903
26909
26911
26913
26917
26920
26922
26924
26925
26925
26938
26939
26940
26940
26942
26944
26949
26954
26958
26963
26968
26974
26979
26985
26995
26999
27004
27010
27010
27017
27019
27022
27036
27038
27044
27049
27050
27050
27050
27062
27066
27075
27081
27085
27086
27100
27102
27103
27107
27108
27111
27122
27124
27132
27133
27139
27141
27142
27144
27144
27157
27160
27163
27168
27174
27177
27178
27187
27188
27189
27192
27192
27193
27197
27197
27199
27204
27207
27212
27215
27224
27228
27236
27242
27250
27253
27253
27255
27264
27264
27285
27288
27291
27295
27309
27311
27314
27339
27341
27342
27358
27362
27364
27365
27376
27383
27385
27385
27387
27390
27399
27402
27405
27407
27409
27414
27416
27421
27422
27426
27429
27441
27441
27442
27442
27446
27448
27450
27453
27458
27461
27463
27465
27468
27478
27484
27487
27502
27511
27522
27523
27527
27533
27533
27540
27541
27553
27553
27557
27558
27566
27568
27574
27575
27578
27579
27579
27582
27588
27594
27616
27628
27629
27632
27639
27639
27640
27647
27665
27665
27675
27688
27688
27691
27692
27694
27711
27715
27732
27732
27737
27744
27758
27765
27769
27771
27772
27776
27777
27778
27781
27783
27792
27792
27797
27810
27811
27812
27825
27828
27830
27832
27834
27838
27842
27849
27852
27855
27855
27856
27858
27858
27862
27869
27870
27876
27880
27882
27886
27891
27898
27907
27909
27910
27911
27914
27919
27924
27926
27930
27931
27931
27933
27939
27944
27944
27950
27950
27956
27959
27964
27965
27967
27996
27997
27998
28002
28006
28010
28018
28029
28033
28041
28047
28048
28049
28062
28065
28067
28069
28069
28071
28084
28085
28093
28093
28094
28095
28101
28103
28107
28112
28121
28125
28135
28135
28141
28157
28170
28175
28175
28176
28176
28183
28190
28193
28194
28198
28200
28201
28202
28203
28204
28213
28216
28222
28222
28230
28231
28232
28234
28238
28242
28244
28247
28252
28254
28256
28259
28260
28266
28280
28297
28299
28301
28301
28305
28308
28312
28318
28319
28325
28327
28327
28331
28332
28340
28343
28347
28350
28351
28362
28365
28366
28366
28369
28373
28375
28376
28384
28385
28387
28392
28393
28394
28394
28402
28409
28413
28413
28424
28425
28444
28448
28452
28458
28460
28463
28474
28485
28489
28489
28494
28496
28498
28500
28505
28521
28521
28534
28542
28547
28548
28549
28550
28578
28580
28594
28598
28600
28605
28608
28608
28612
28612
28626
28637
28642
28645
28653
28658
28660
28661
28665
28673
28674
28676
28681
28681
28682
28683
28683
28684
28689
28690
28703
28704
28714
28715
28720
28721
28731
28738
28756
28761
28769
28770
28777
28778
28779
28796
28799
28801
28802
28803
28808
28814
28817
28818
28830
28830
28836
28838
28839
28840
28845
28846
28853
28859
28860
28861
28865
28873
28895
28899
28900
28913
28928
28936
28941
28941
28942
28947
28949
28953
28956
28956
28963
28966
28973
28976
28987
28989
28990
28998
29001
29015
29016
29016
29021
29023
29026
29028
29033
29066
29067
29072
29084
29086
29094
29096
29097
29103
29111
29114
29121
29124
29125
29129
29130
29130
29134
29136
29139
29146
29147
29148
29153
29158
29165
29166
29174
29176
29177
29180
29195
29201
29203
29203
29215
29224
29242
29243
29245
29249
29252
29255
29274
29284
29286
29296
29297
29302
29302
29303
29306
29309
29314
29316
29325
29328
29329
29331
29342
29346
29349
29356
29359
29368
29370
29374
29385
29386
29388
29389
29390
29396
29398
29402
29406
29414
29422
29433
29433
29436
29437
29439
29443
29451
29456
29459
29464
29469
29471
29480
29487
29491
29496
29501
29520
29526
29526
29535
29537
29542
29543
29551
29551
29557
29560
29564
29569
29572
29578
29584
29585
29593
29606
29609
29611
29614
29622
29624
29625
29634
29635
29644
29653
29657
29659
29664
29669
29670
29674
29675
29681
29689
29690
29691
29699
29699
29706
29714
29715
29720
29726
29733
29734
29739
29745
29751
29753
29758
29765
29790
29802
29806
29808
29810
29821
29823
29825
29832
29834
29849
29851
29867
29869
29872
29879
29907
29913
29913
29914
29925
29928
29929
29936
29945
29945
29948
29949
29950
29966
29976
29981
29981
29984
29987
29990
29995
29996
30000
30001
30016
30028
30031
30035
30036
30049
30052
30052
30059
30071
30076
30076
30077
30077
30077
30077
30081
30085
30088
30097
30098
30101
30104
30106
30115
30118
30119
30129
30133
30135
30136
30138
30139
30140
30140
30149
30150
30153
30158
30160
30176
30178
30179
30182
30187
30189
30192
30197
30203
30207
30210
30211
30211
30221
30223
30242
30245
30248
30249
30263
30266
30271
30274
30275
30287
30297
30301
30307
30315
30323
30335
30338
30341
30349
30352
30364
30366
30370
30379
30380
30380
30381
30385
30389
30395
30396
30397
30399
30406
30407
30415
30418
30426
30427
30431
30433
30435
30440
30441
30447
30450
30453
30461
30467
30472
30472
30474
30480
30480
30486
30509
30510
30516
30516
30538
30546
30551
30554
30555
30561
30566
30566
30570
30576
30581
30584
30584
30590
30598
30598
30604
30610
30611
30612
30613
30614
30615
30623
30623
30626
30629
30632
30635
30640
30645
30645
30659
30666
30667
30671
30672
30672
30672
30675
30690
30692
30698
30699
30703
30720
30720
30734
30740
30749
30758
30774
30784
30791
30814
30816
30817
30824
30825
30840
30842
30861
30864
30870
30875
30882
30883
30885
30888
30889
30891
30906
30910
30911
30924
30940
30945
30949
30950
30951
30965
30972
30973
30975
30989
30991
30993
30996
30996
31003
31004
31005
31009
31011
31013
31019
31026
31028
31032
31043
31047
31056
31057
31067
31071
31078
31081
31081
31091
31101
31119
31123
31128
31129
31134
31138
31144
31158
31164
31166
31171
31180
31181
31182
31182
31191
31197
31197
31198
31200
31202
31203
31203
31205
31211
31214
31226
31226
31236
31245
31245
31245
31247
31249
31251
31251
31253
31259
31262
31263
31281
31281
31287
31306
31311
31320
31320
31326
31328
31335
31346
31354
31359
31363
31364
31365
31379
31387
31390
31396
31401
31405
31407
31419
31421
31433
31442
31448
31461
31482
31482
31487
31488
31489
31492
31493
31497
31500
31502
31503
31504
31506
31509
31510
31519
31521
31523
31529
31533
31534
31535
31537
31546
31547
31564
31566
31588
31590
31596
31597
31604
31606
31607
31611
31615
31616
31619
31626
31632
31638
31655
31660
31667
31678
31679
31682
31689
31698
31703
31705
31708
31714
31717
31719
31722
31724
31725
31727
31732
31734
31739
31745
31746
31756
31761
31772
31773
31777
31781
31783
31784
31787
31793
31805
31810
31815
31820
31820
31823
31831
31839
31844
31852
31856
31856
31857
31863
31873
31873
31876
31877
31879
31879
31886
31889
31900
31901
31901
31903
31916
31926
31929
31933
31938
31945
31950
31961
31975
31982
31986
31993
32003
32003
32014
32029
32039
32040
32042
32043
32044
32052
32058
32058
32060
32063
32065
32067
32067
32069
32072
32075
32088
32089
32089
32090
32095
32098
32110
32115
32131
32146
32148
32152
32157
32160
32166
32175
32178
32181
32187
32190
32191
32191
32194
32200
32203
32205
32209
32210
32218
32220
32246
32258
32260
32262
32271
32272
32277
32282
32285
32285
32288
32292
32295
32309
32311
32323
32343
32344
32348
32353
32354
32355
32356
32358
32371
32372
32372
32374
32377
32378
32386
32395
32398
32399
32407
32409
32409
32411
32412
32415
32417
32431
32434
32438
32439
32441
32442
32446
32454
32459
32459
32469
32476
32484
32488
32511
32515
32520
32526
32530
32532
32535
32545
32550
32559
32572
32572
32573
32575
32580
32591
32591
32591
32591
32612
32613
32613
32614
32626
32641
32647
32648
32651
32656
32669
32677
32681
32683
32685
32688
32691
32692
32705
32715
32720
32727
32730
32732
32734
32745
32754
32757
32758
32765
32770
32772
32772
32773
32776
32778
32783
32785
32787
32793
32793
32795
32796
32800
32803
32814
32822
32823
32829
32831
32858
32864
32867
32869
32870
32875
32882
32888
32898
32918
32924
32924
32932
32933
32935
32942
32954
32960
32961
32962
32962
32963
32970
32971
32977
32978
32979
32984
33000
33007
33013
33021
33025
33026
33031
33037
33043
33051
33059
33076
33085
33086
33086
33088
33098
33103
33106
33112
33113
33113
33119
33120
33121
33128
33133
33135
33146
33153
33160
33164
33166
33173
33177
33178
33194
33199
33205
33206
33210
33214
33231
33234
33245
33254
33256
33263
33264
33274
33274
33281
33291
33297
33299
33310
33310
33313
33317
33324
33329
33338
33339
33341
33341
33344
33348
33360
33361
33361
33370
33374
33375
33386
33387
33394
33403
33403
33413
33432
33433
33450
33453
33453
33457
33458
33463
33463
33468
33468
33472
33483
33487
33506
33508
33516
33518
33520
33525
33527
33532
33539
33545
33546
33558
33565
33572
33584
33587
33602
33604
33604
33615
33639
33645
33649
33651
33656
33667
33667
33673
33674
33678
33682
33682
33687
33688
33694
33694
33698
33709
33719
33746
33747
33747
33757
33762
33780
33781
33793
33797
33807
33817
33831
33832
33832
33833
33837
33844
33845
33852
33854
33866
33874
33876
33876
33884
33886
33886
33895
33898
33910
33912
33915
33916
33916
33918
33927
33927
33931
33931
33931
33932
33940
33948
33954
33956
33957
33958
33959
33968
33983
33996
34001
34005
34007
34012
34015
34020
34021
34029
34032
34032
34040
34041
34051
34060
34067
34068
34076
34076
34076
34079
34084
34085
34095
34096
34101
34101
34115
34117
34117
34119
34123
34125
34126
34141
34141
34142
34145
34158
34159
34162
34171
34174
34174
34181
34186
34190
34194
34196
34197
34201
34209
34212
34215
34218
34219
34226
34229
34237
34241
34243
34243
34247
34262
34264
34266
34273
34275
34285
34289
34298
34300
34303
34307
34316
34319
34329
34330
34331
34333
34343
34356
34357
34359
34360
34360
34373
34379
34383
34391
34398
34398
34404
34410
34411
34428
34429
34433
34434
34442
34471
34474
34478
34499
34504
34506
34509
34511
34531
34537
34538
34542
34545
34549
34550
34552
34558
34560
34582
34590
34597
34604
34608
34616
34616
34617
34624
34637
34647
34652
34654
34662
34666
34672
34683
34683
34704
34709
34716
34737
34740
34744
34747
34756
34759
34760
34761
34764
34767
34772
34772
34773
34780
34781
34782
34784
34794
34807
34808
34832
34841
34843
34844
34845
34854
34860
34863
34867
34907
34908
34911
34918
34932
34939
34944
34947
34958
34963
34966
34975
34978
34981
34985
34987
34993
35006
35019
35021
35022
35030
35036
35047
35051
35056
35059
35068
35073
35079
35080
35081
35084
35087
35088
35097
35098
35100
35104
35105
35105
35106
35131
35132
35137
35139
35149
35150
35151
35171
35179
35180
35181
35184
35186
35197
35216
35216
35218
35226
35226
35228
35245
35249
35253
35258
35260
35262
35272
35279
35291
35292
35295
35299
35316
35319
35323
35346
35355
35358
35361
35361
35368
35369
35374
35381
35382
35384
35397
35398
35400
35402
35403
35406
35407
35412
35415
35422
35422
35423
35424
35428
35430
35431
35432
35432
35438
35440
35441
35441
35449
35457
35459
35464
35466
35484
35487
35488
35492
35499
35503
35506
35509
35512
35513
35516
35527
35549
35562
35564
35568
35571
35573
35579
35586
35589
35592
35593
35602
35606
35614
35618
35620
35651
35657
35662
35662
35666
35672
35677
35681
35682
35684
35688
35693
35703
35705
35708
35715
35718
35723
35724
35725
35725
35726
35727
35735
35738
35739
35742
35742
35744
35755
35756
35757
35766
35770
35771
35773
35777
35777
35787
35788
35788
35789
35790
35807
35811
35818
35825
35825
35829
35830
35836
35837
35837
35841
35848
35853
35854
35856
35866
35889
35891
35892
35902
35906
35909
35912
35917
35920
35931
35931
35940
35949
35956
35958
35967
35968
35975
35980
35990
35994
35995
36011
36036
36037
36045
36050
36050
36051
36052
36064
36066
36074
36077
36079
36079
36088
36092
36093
36094
36095
36107
36108
36113
36117
36125
36129
36140
36146
36148
36151
36153
36158
36168
36179
36193
36196
36198
36198
36212
36213
36215
36227
36228
36230
36237
36245
36247
36254
36272
36274
36277
36290
36290
36297
36311
36313
36315
36315
36317
36317
36324
36333
36335
36342
36344
36351
36364
36367
36374
36380
36383
36394
36397
36409
36411
36420
36423
36433
36433
36435
36436
36438
36457
36458
36461
36473
36476
36490
36498
36501
36503
36510
36513
36513
36514
36523
36523
36530
36537
36548
36550
36552
36554
36557
36559
36562
36564
36574
36581
36596
36609
36610
36611
36612
36616
36627
36628
36630
36633
36633
36634
36638
36643
36649
36650
36658
36660
36676
36677
36682
36686
36688
36690
36696
36697
36700
36702
36715
36718
36725
36726
36734
36739
36743
36755
36764
36774
36781
36782
36787
36791
36804
36805
36806
36811
36813
36829
36834
36838
36844
36860
36861
36863
36870
36881
36882
36888
36896
36898
36902
36917
36920
36922
36926
36930
36931
36933
36935
36938
36938
36952
36962
36965
36965
36966
36976
36977
36986
36986
36994
36994
36999
37005
37005
37011
37012
37030
37034
37036
37039
37041
37042
37046
37047
37050
37051
37053
37061
37071
37074
37074
37076
37076
37081
37082
37082
37089
37093
37094
37095
37098
37112
37124
37125
37131
37134
37153
37158
37170
37174
37175
37180
37181
37183
37185
37186
37187
37194
37196
37198
37201
37215
37215
37218
37221
37243
37251
37257
37260
37261
37269
37274
37283
37295
37295
37298
37298
37310
37313
37323
37324
37330
37333
37337
37338
37339
37339
37348
37353
37355
37355
37363
37364
37373
37377
37378
37380
37382
37383
37390
37409
37413
37414
37417
37419
37422
37426
37430
37436
37444
37465
37468
37469
37474
37477
37479
37480
37482
37482
37483
37490
37498
37499
37504
37506
37513
37514
37532
37532
37539
37554
37566
37567
37572
37572
37573
37585
37589
37594
37595
37596
37597
37601
37606
37617
37624
37635
37644
37644
37656
37669
37677
37693
37705
37707
37710
37712
37713
37714
37717
37721
37723
37727
37729
37735
37741
37745
37749
37750
37751
37753
37758
37760
37761
37762
37762
37781
37787
37789
37792
37798
37800
37800
37803
37831
37833
37837
37840
37843
37861
37866
37867
37875
37877
37890
37892
37896
37900
37904
37918
37926
37939
37941
37949
37952
37956
37965
37968
37973
37974
37983
37984
37989
37989
37998
37999
38009
38012
38017
38017
38027
38029
38032
38033
38037
38038
38044
38048
38057
38061
38062
38069
38074
38076
38077
38081
38081
38088
38093
38095
38096
38096
38102
38113
38123
38134
38135
38139
38139
38143
38143
38155
38155
38162
38163
38165
38167
38171
38173
38180
38181
38189
38191
38213
38214
38222
38223
38226
38238
38238
38241
38257
38259
38260
38264
38265
38268
38269
38271
38271
38275
38283
38290
38298
38298
38299
38303
38305
38314
38321
38330
38333
38339
38342
38350
38350
38354
38363
38373
38376
38376
38379
38387
38389
38391
38399
38413
38414
38414
38418
38418
38421
38428
38438
38449
38450
38450
38459
38462
38462
38464
38470
38472
38476
38479
38490
38493
38494
38499
38505
38506
38513
38513
38515
38517
38517
38523
38526
38532
38533
38536
38545
38552
38557
38558
38559
38560
38564
38571
38574
38582
38590
38591
38600
38608
38619
38619
38640
38671
38673
38683
38684
38699
38706
38712
38714
38735
38769
38769
38770
38776
38778
38783
38783
38785
38785
38790
38802
38805
38811
38818
38822
38824
38825
38832
38832
38836
38838
38838
38842
38851
38861
38865
38887
38890
38899
38910
38912
38912
38913
38917
38927
38930
38933
38933
38935
38935
38953
38958
38964
38966
38968
38975
38979
38987
38987
39002
39004
39006
39011
39012
39012
39015
39020
39024
39029
39032
39034
39040
39043
39047
39051
39058
39064
39066
39090
39095
39097
39105
39110
39118
39126
39137
39142
39143
39144
39147
39153
39160
39165
39183
39185
39189
39192
39195
39209
39212
39215
39224
39230
39231
39232
39232
39236
39242
39260
39261
39262
39265
39267
39268
39271
39273
39277
39279
39291
39296
39325
39326
39331
39333
39341
39344
39359
39360
39362
39365
39375
39381
39382
39393
39397
39413
39415
39424
39428
39432
39432
39435
39440
39443
39448
39450
39458
39460
39469
39481
39481
39483
39488
39500
39505
39517
39521
39531
39545
39551
39551
39552
39552
39555
39560
39561
39568
39569
39579
39587
39588
39591
39598
39599
39601
39601
39611
39619
39627
39629
39632
39636
39639
39640
39641
39642
39644
39644
39649
39650
39650
39662
39663
39669
39672
39673
39681
39685
39686
39686
39695
39698
39710
39711
39711
39714
39715
39730
39738
39741
39745
39760
39762
39767
39772
39775
39775
39796
39797
39815
39820
39821
39823
39825
39827
39836
39837
39841
39842
39846
39852
39860
39878
39884
39884
39886
39901
39905
39907
39909
39918
39922
39939
39941
39958
39963
39974
39980
39982
39983
39986
40012
40013
40013
40024
40030
40031
40035
40049
40064
40075
40082
40088
40089
40090
40097
40099
40099
40103
40109
40109
40110
40117
40118
40137
40140
40140
40141
40155
40166
40175
40189
40191
40195
40196
40197
40198
40208
40209
40211
40214
40218
40219
40220
40227
40240
40248
40251
40253
40263
40279
40282
40286
40296
40297
40302
40304
40309
40316
40317
40320
40321
40328
40331
40332
40334
40338
40339
40340
40342
40344
40349
40353
40354
40355
40358
40371
40375
40379
40381
40382
40382
40388
40394
40406
40410
40419
40420
40436
40437
40440
40440
40441
40448
40449
40455
40470
40470
40471
40471
40475
40476
40476
40477
40488
40492
40492
40492
40498
40508
40522
40525
40530
40539
40544
40549
40551
40551
40552
40557
40558
40559
40575
40585
40592
40597
40605
40606
40611
40613
40614
40616
40618
40625
40630
40639
40641
40643
40659
40660
40662
40663
40672
40672
40681
40683
40705
40710
40716
40718
40720
40728
40741
40747
40753
40753
40760
40762
40763
40765
40769
40787
40788
40794
40796
40805
40805
40808
40808
40818
40819
40821
40826
40832
40836
40839
40839
40849
40851
40851
40860
40865
40874
40876
40878
40886
40890
40898
40902
40912
40914
40926
40932
40932
40954
40957
40966
40966
40967
40968
40969
40969
40991
40991
41001
41008
41022
41033
41034
41036
41039
41039
41051
41067
41068
41068
41075
41075
41085
41087
41093
41105
41113
41117
41130
41137
41139
41142
41147
41149
41152
41171
41175
41183
41192
41198
41203
41204
41216
41235
41238
41245
41248
41257
41261
41266
41267
41271
41276
41280
41292
41293
41295
41299
41316
41339
41342
41347
41349
41355
41357
41357
41361
41363
41363
41363
41365
41368
41378
41393
41397
41407
41410
41413
41416
41419
41421
41427
41438
41444
41449
41455
41456
41458
41461
41475
41477
41482
41483
41484
41491
41492
41494
41494
41497
41497
41501
41503
41506
41507
41507
41513
41530
41534
41541
41549
41557
41560
41565
41566
41567
41574
41579
41579
41581
41590
41592
41594
41601
41601
41612
41618
41625
41631
41633
41637
41644
41678
41679
41679
41683
41694
41695
41706
41707
41707
41707
41709
41737
41743
41760
41767
41770
41772
41773
41786
41789
41791
41791
41800
41803
41804
41814
41820
41821
41826
41836
41838
41842
41844
41849
41853
41853
41858
41865
41868
41869
41871
41879
41887
41901
41903
41904
41908
41908
41910
41911
41918
41918
41921
41925
41936
41941
41947
41962
41967
41969
41972
41978
41984
41997
41998
41998
42001
42009
42017
42018
42024
42024
42030
42041
42042
42050
42052
42054
42054
42056
42063
42070
42077
42077
42078
42080
42092
42097
42109
42121
42121
42129
42143
42149
42160
42163
42173
42177
42187
42203
42203
42211
42214
42216
42219
42230
42231
42235
42236
42241
42242
42242
42249
42252
42253
42253
42257
42258
42263
42268
42268
42273
42273
42278
42280
42282
42285
42292
42297
42298
42300
42301
42302
42312
42320
42325
42325
42328
42328
42331
42335
42336
42340
42343
42345
42362
42365
42368
42371
42375
42379
42380
42400
42408
42410
42410
42412
42412
42414
42429
42434
42436
42455
42456
42466
42480
42481
42485
42511
42512
42514
42517
42521
42532
42532
42534
42541
42544
42550
42574
42575
42579
42581
42586
42591
42595
42595
42597
42597
42605
42608
42617
42618
42619
42620
42622
42624
42631
42633
42635
42637
42640
42640
42642
42645
42652
42655
42677
42689
42691
42694
42701
42710
42710
42713
42714
42719
42729
42735
42736
42737
42767
42771
42773
42776
42779
42785
42788
42797
42803
42804
42810
42813
42818
42819
42826
42827
42833
42837
42846
42849
42855
42865
42867
42867
42870
42876
42878
42885
42885
42889
42898
42903
42912
42918
42920
42921
42924
42930
42932
42938
42938
42940
42948
42948
42957
42961
42965
42969
42970
42987
42988
42990
42992
43002
43004
43006
43006
43009
43011
43018
43025
43025
43028
43042
43046
43056
43056
43058
43058
43059
43064
43078
43082
43084
43085
43090
43092
43095
43097
43104
43106
43106
43117
43120
43122
43122
43126
43126
43134
43135
43139
43147
43150
43151
43153
43154
43160
43162
43166
43188
43192
43195
43201
43203
43204
43213
43213
43216
43217
43220
43224
43224
43227
43229
43232
43240
43254
43265
43275
43278
43289
43291
43297
43304
43318
43329
43330
43335
43338
43338
43344
43346
43347
43350
43354
43363
43365
43367
43374
43378
43381
43382
43389
43396
43397
43397
43407
43412
43413
43460
43477
43483
43485
43497
43498
43498
43500
43507
43515
43519
43522
43531
43532
43534
43535
43539
43563
43571
43572
43579
43584
43584
43586
43591
43596
43598
43604
43605
43605
43606
43608
43610
43613
43615
43621
43623
43639
43641
43647
43648
43648
43650
43652
43658
43665
43666
43678
43683
43685
43686
43687
43695
43695
43696
43696
43699
43700
43720
43721
43724
43726
43731
43733
43735
43741
43741
43750
43751
43760
43760
43760
43769
43769
43776
43783
43787
43792
43804
43811
43815
43818
43823
43824
43826
43829
43844
43844
43868
43875
43882
43884
43891
43893
43894
43916
43918
43919
43923
43926
43930
43933
43934
43935
43935
43943
43945
43951
43956
43983
43992
44004
44027
44033
44042
44045
44054
44059
44067
44072
44074
44088
44093
44101
44115
44117
44124
44125
44140
44141
44145
44154
44155
44157
44162
44166
44170
44178
44184
44201
44206
44208
44210
44215
44218
44228
44230
44234
44247
44249
44253
44258
44263
44265
44276
44287
44289
44289
44292
44297
44301
44302
44303
44309
44317
44317
44320
44324
44327
44327
44330
44332
44335
44336
44339
44345
44347
44347
44357
44364
44365
44373
44375
44377
44378
44380
44393
44393
44399
44401
44414
44429
44435
44440
44440
44442
44449
44452
44453
44456
44463
44464
44474
44477
44477
44484
44492
44492
44500
44500
44507
44507
44510
44511
44518
44520
44523
44530
44542
44545
44554
44555
44556
44566
44568
44579
44579
44583
44584
44591
44597
44605
44614
44617
44622
44632
44633
44645
44646
44647
44650
44652
44653
44655
44655
44663
44664
44674
44677
44677
44684
44699
44707
44714
44717
44722
44726
44737
44754
44760
44769
44791
44796
44810
44817
44821
44826
44827
44836
44839
44841
44844
44854
44865
44865
44878
44884
44885
44886
44891
44895
44901
44904
44905
44907
44917
44917
44921
44925
44928
44928
44933
44943
44947
44962
44966
44971
44972
44981
44984
44989
44992
44994
44996
45000
45007
45012
45018
45018
45019
45031
45032
45036
45037
45054
45069
45080
45082
45088
45088
45089
45089
45090
45091
45095
45101
45108
45108
45109
45117
45120
45126
45146
45148
45148
45156
45160
45162
45165
45166
45170
45171
45173
45176
45188
45191
45195
45197
45198
45208
45216
45220
45224
45225
45234
45237
45251
45254
45254
45261
45270
45275
45279
45282
45285
45290
45298
45298
45300
45301
45308
45329
45330
45340
45352
45360
45369
45370
45372
45379
45383
45390
45397
45404
45404
45408
45410
45416
45421
45421
45424
45428
45429
45436
45442
45458
45458
45461
45463
45469
45474
45476
45503
45509
45513
45514
45515
45515
45516
45524
45540
45543
45546
45546
45549
45549
45552
45554
45558
45559
45563
45564
45568
45570
45573
45577
45587
45591
45593
45594
45595
45610
45610
45611
45613
45625
45630
45653
45661
45662
45671
45693
45697
45698
45700
45721
45736
45736
45745
45750
45751
45754
45754
45762
45768
45779
45786
45790
45791
45791
45794
45796
45803
45809
45810
45816
45822
45822
45823
45832
45836
45837
45837
45840
45842
45845
45852
45860
45861
45865
45875
45882
45883
45885
45896
45899
45899
45899
45910
45913
45916
45919
45922
45925
45928
45942
45944
45946
45949
45950
45952
45953
45955
45963
45968
45969
45969
45969
45972
45975
45987
45992
46003
46009
46014
46017
46034
46035
46037
46043
46050
46051
46066
46069
46069
46076
46082
46086
46088
46091
46092
46095
46102
46105
46112
46121
46123
46128
46128
46135
46137
46144
46157
46157
46160
46161
46164
46185
46188
46190
46199
46201
46202
46203
46205
46220
46228
46230
46233
46250
46256
46282
46288
46292
46302
46311
46313
46320
46331
46332
46333
46340
46348
46349
46351
46355
46357
46367
46367
46372
46372
46376
46376
46395
46397
46397
46400
46404
46407
46408
46410
46411
46425
46426
46433
46443
46447
46449
46449
46452
46456
46461
46469
46471
46474
46475
46478
46490
46493
46504
46509
46515
46515
46540
46546
46554
46555
46564
46565
46571
46572
46576
46578
46585
46585
46591
46592
46600
46602
46606
46607
46610
46617
46618
46629
46630
46630
46631
46633
46635
46640
46651
46659
46679
46683
46685
46687
46694
46696
46701
46703
46719
46720
46720
46723
46723
46736
46748
46751
46756
46756
46760
46764
46767
46769
46772
46783
46791
46794
46802
46805
46818
46818
46820
46824
46824
46827
46834
46837
46845
46851
46856
46861
46866
46878
46883
46885
46891
46896
46897
46901
46902
46906
46922
46928
46932
46933
46934
46935
46939
46944
46949
46950
46962
46962
46963
46967
46967
46969
46980
46986
46987
46992
46993
47005
47006
47015
47016
47019
47019
47022
47024
47032
47032
47033
47065
47070
47075
47078
47081
47089
47100
47103
47106
47116
47117
47117
47118
47119
47128
47129
47144
47150
47153
47159
47176
47179
47185
47186
47188
47190
47191
47206
47216
47222
47223
47233
47237
47240
47244
47261
47262
47263
47269
47269
47273
47276
47279
47280
47281
47285
47297
47297
47298
47305
47315
47316
47322
47323
47326
47330
47340
47341
47343
47351
47352
47353
47356
47358
47368
47369
47372
47372
47377
47380
47388
47388
47390
47394
47396
47400
47402
47405
47411
47420
47426
47444
47453
47453
47457
47465
47467
47470
47471
47473
47473
47476
47477
47481
47481
47490
47490
47495
47496
47502
47502
47506
47510
47516
47518
47524
47524
47526
47532
47542
47559
47559
47561
47564
47565
47565
47566
47575
47578
47582
47589
47597
47600
47608
47609
47614
47614
47616
47620
47630
47631
47632
47635
47637
47650
47652
47662
47663
47674
47694
47699
47702
47709
47715
47726
47728
47736
47738
47739
47756
47757
47761
47769
47778
47779
47789
47791
47797
47802
47806
47808
47810
47811
47811
47817
47820
47821
47832
47838
47842
47847
47852
47859
47860
47865
47867
47879
47881
47881
47882
47888
47891
47903
47909
47914
47927
47949
47956
47960
47965
47984
47984
47986
47990
47991
48004
48012
48024
48037
48043
48043
48045
48047
48069
48072
48075
48081
48099
48105
48109
48114
48116
48122
48133
48133
48137
48152
48155
48158
48160
48161
48163
48165
48169
48174
48176
48184
48188
48192
48206
48221
48232
48237
48237
48242
48249
48253
48258
48261
48261
48266
48278
48283
48287
48299
48300
48303
48304
48305
48306
48309
48316
48330
48331
48346
48353
48353
48357
48364
48384
48395
48405
48414
48421
48424
48425
48435
48440
48441
48445
48450
48451
48456
48460
48466
48467
48472
48479
48487
48500
48500
48508
48508
48511
48512
48521
48522
48525
48527
48528
48531
48534
48548
48552
48560
48573
48576
48581
48587
48588
48590
48606
48626
48627
48627
48632
48642
48644
48646
48656
48657
48665
48671
48674
48677
48680
48684
48689
48704
48707
48710
48712
48715
48716
48721
48723
48728
48735
48740
48744
48745
48760
48770
48773
48775
48779
48779
48798
48800
48814
48814
48817
48818
48819
48823
48823
48830
48841
48846
48850
48854
48854
48855
48856
48859
48864
48865
48870
48870
48875
48885
48891
48897
48898
48903
48915
48921
48932
48949
48956
48959
48960
48963
48966
48969
48976
48982
48986
49009
49014
49015
49016
49017
49020
49022
49028
49034
49035
49039
49041
49058
49060
49061
49064
49076
49080
49081
49090
49091
49092
49094
49096
49107
49116
49120
49130
49137
49140
49142
49144
49146
49157
49160
49167
49181
49184
49200
49200
49213
49221
49237
49242
49256
49258
49259
49267
49276
49284
49286
49302
49303
49304
49305
49306
49307
49309
49309
49312
49313
49316
49327
49328
49333
49335
49345
49346
49348
49349
49361
49369
49374
49384
49386
49386
49395
49401
49410
49415
49421
49427
49429
49432
49443
49444
49456
49471
49475
49479
49480
49491
49515
49517
49524
49526
49538
49544
49548
49550
49561
49563
49580
49588
49596
49602
49608
49613
49622
49631
49642
49645
49647
49651
49655
49664
49668
49681
49684
49695
49696
49717
49718
49729
49735
49735
49743
49744
49746
49747
49754
49755
49761
49764
49776
49783
49786
49790
49805
49819
49820
49827
49847
49851
49853
49862
49864
49873
49881
49886
49895
49897
49901
49901
49909
49912
49914
49914
49916
49917
49921
49930
49932
49938
49948
49950
49953
49955
49955
49971
49991
